gabrielly: 10.000000
virginnia: 10.000000
